
RESULT: 3.141593
N: 1
DX: 0.00000000100000000
TIME: 2s 112599837ns

RESULT: 3.141592
N: 2
DX: 0.00000000100000000
TIME: 1s 80949331ns

RESULT: 3.141594
N: 10
DX: 0.00000000100000000
TIME: 0s 420206634ns

